# Blender v2.79 (sub 0) OBJ File: 'lazy.blend'
# www.blender.org
o track_0_BezierCurve.001
v -16.163910 8.847566 2.140735
v -15.479680 8.850500 2.138314
v -14.884908 8.856788 2.136304
v -14.366547 8.865860 2.134680
v -13.911550 8.877150 2.133411
v -13.506873 8.890087 2.132473
v -13.139470 8.904104 2.131837
v -12.796296 8.918632 2.131475
v -12.464306 8.933103 2.131361
v -12.130453 8.946947 2.131466
v -11.781693 8.959598 2.131764
v -11.404979 8.970485 2.132226
v -10.987267 8.979040 2.132826
v -10.546956 8.979181 2.133535
v -10.111623 8.964393 2.134327
v -9.681989 8.933462 2.135174
v -9.258774 8.885175 2.136048
v -8.842698 8.818318 2.136922
v -8.434484 8.731679 2.137769
v -8.034849 8.624043 2.138561
v -7.644518 8.494196 2.139271
v -7.264208 8.340925 2.139870
v -6.894641 8.163018 2.140333
v -6.536538 7.959260 2.140630
v -6.190618 7.728437 2.140735
v -5.820515 7.431484 2.140735
v -5.509155 7.118682 2.140735
v -5.251588 6.789779 2.140735
v -5.042868 6.444524 2.140735
v -4.878046 6.082664 2.140735
v -4.752174 5.703947 2.140735
v -4.660305 5.308123 2.140735
v -4.597489 4.894939 2.140735
v -4.558780 4.464144 2.140735
v -4.539227 4.015485 2.140735
v -4.533885 3.548712 2.140735
v -4.537806 3.063573 2.140735
v -4.573955 2.631952 2.140735
v -4.662832 2.239932 2.140735
v -4.794151 1.875838 2.140735
v -4.957623 1.527996 2.140735
v -5.142962 1.184729 2.140735
v -5.339878 0.834364 2.140735
v -5.538084 0.465225 2.140735
v -5.727293 0.065638 2.140735
v -5.897216 -0.376074 2.140735
v -6.037567 -0.871584 2.140735
v -6.138056 -1.432568 2.140735
v -6.188399 -2.070701 2.140735
v -6.166565 -2.729309 2.140767
v -6.068583 -3.378498 2.140851
v -5.909658 -4.020725 2.140969
v -5.704998 -4.658447 2.141105
v -5.469807 -5.294122 2.141241
v -5.219294 -5.930205 2.141359
v -4.968662 -6.569156 2.141443
v -4.733121 -7.213428 2.141475
v -4.527875 -7.865482 2.141437
v -4.368130 -8.527775 2.141313
v -4.269093 -9.202763 2.141085
v -4.245971 -9.892899 2.140735
v -4.301175 -10.884262 2.140231
v -4.412477 -11.836536 2.139902
v -4.584588 -12.741583 2.139723
v -4.822221 -13.591265 2.139669
v -5.130086 -14.377443 2.139714
v -5.512896 -15.091980 2.139835
v -5.975363 -15.726738 2.140006
v -6.522199 -16.273579 2.140202
v -7.158115 -16.724363 2.140398
v -7.887824 -17.070953 2.140569
v -8.716038 -17.305212 2.140690
v -9.647467 -17.418999 2.140735
v -10.280296 -17.443094 2.140674
v -11.124146 -17.461178 2.140504
v -12.137984 -17.471516 2.140247
v -13.280779 -17.472374 2.139926
v -14.511498 -17.462019 2.139560
v -15.789111 -17.438715 2.139174
v -17.072586 -17.400728 2.138787
v -18.320890 -17.346323 2.138422
v -19.492996 -17.273767 2.138100
v -20.547867 -17.181326 2.137843
v -21.444473 -17.067263 2.137673
v -22.141787 -16.929848 2.137612
v -23.876554 -16.368759 2.137621
v -25.443411 -15.629921 2.137647
v -26.843044 -14.731413 2.137687
v -28.076138 -13.691315 2.137742
v -29.143383 -12.527710 2.137809
v -30.045460 -11.258677 2.137886
v -30.783062 -9.902296 2.137973
v -31.356876 -8.476648 2.138067
v -31.767582 -6.999814 2.138167
v -32.015873 -5.489874 2.138272
v -32.102436 -3.964909 2.138380
v -32.027954 -2.442995 2.138489
v -31.793114 -0.942220 2.138599
v -31.398605 0.519339 2.138707
v -30.845116 1.923601 2.138812
v -30.133327 3.252486 2.138912
v -29.263931 4.487913 2.139006
v -28.237610 5.611802 2.139093
v -27.055056 6.606073 2.139170
v -25.716951 7.452644 2.139237
v -24.223984 8.133436 2.139292
v -22.576843 8.630368 2.139333
v -20.776211 8.925359 2.139358
v -18.822779 9.000328 2.139367
l 1 2
l 2 3
l 3 4
l 4 5
l 5 6
l 6 7
l 7 8
l 8 9
l 9 10
l 10 11
l 11 12
l 12 13
l 13 14
l 14 15
l 15 16
l 16 17
l 17 18
l 18 19
l 19 20
l 20 21
l 21 22
l 22 23
l 23 24
l 24 25
l 25 26
l 26 27
l 27 28
l 28 29
l 29 30
l 30 31
l 31 32
l 32 33
l 33 34
l 34 35
l 35 36
l 36 37
l 37 38
l 38 39
l 39 40
l 40 41
l 41 42
l 42 43
l 43 44
l 44 45
l 45 46
l 46 47
l 47 48
l 48 49
l 49 50
l 50 51
l 51 52
l 52 53
l 53 54
l 54 55
l 55 56
l 56 57
l 57 58
l 58 59
l 59 60
l 60 61
l 61 62
l 62 63
l 63 64
l 64 65
l 65 66
l 66 67
l 67 68
l 68 69
l 69 70
l 70 71
l 71 72
l 72 73
l 73 74
l 74 75
l 75 76
l 76 77
l 77 78
l 78 79
l 79 80
l 80 81
l 81 82
l 82 83
l 83 84
l 84 85
l 85 86
l 86 87
l 87 88
l 88 89
l 89 90
l 90 91
l 91 92
l 92 93
l 93 94
l 94 95
l 95 96
l 96 97
l 97 98
l 98 99
l 99 100
l 100 101
l 101 102
l 102 103
l 103 104
l 104 105
l 105 106
l 106 107
l 107 108
l 108 109
o Cube_Cube.001
v -12.474295 8.032810 0.043767
v -12.474295 8.032810 2.043767
v -12.474295 10.032810 0.043767
v -12.474295 10.032810 2.043767
v -10.474295 8.032810 0.043767
v -10.474295 8.032810 2.043767
v -10.474295 10.032810 0.043767
v -10.474295 10.032810 2.043767
v -8.292488 9.965714 2.043767
v -8.292488 9.965714 0.043767
v -9.012743 8.099907 0.043767
v -9.012743 8.099907 2.043767
v -6.193053 9.086885 2.043767
v -6.193053 9.086885 0.043767
v -7.523108 7.593247 0.043767
v -7.523108 7.593247 2.043767
v -4.417194 7.387733 2.043767
v -4.417194 7.387733 0.043767
v -6.242806 6.570946 0.043767
v -6.242806 6.570946 2.043767
v -3.531054 5.207276 2.043767
v -3.531054 5.207276 0.043767
v -5.530862 5.179502 0.043767
v -5.530862 5.179502 2.043767
v -3.483103 1.754725 2.043767
v -3.483103 1.754725 0.043767
v -5.482910 1.726950 0.043767
v -5.482910 1.726950 2.043767
v -5.121447 -0.604305 2.043767
v -5.121447 -0.604305 0.043767
v -7.121254 -0.632080 0.043767
v -7.121254 -0.632080 2.043767
v -5.089262 -2.921644 2.043767
v -5.089262 -2.921644 0.043767
v -7.089069 -2.949419 0.043767
v -7.089069 -2.949419 2.043767
v -2.471468 -5.433275 2.043767
v -2.471468 -5.433275 0.043767
v -6.734002 -5.461050 0.043767
v -6.734002 -5.461050 2.043767
v -2.434959 -11.036194 2.043767
v -2.434959 -11.036194 0.043767
v -6.697493 -11.063969 0.043767
v -6.697493 -11.063969 2.043767
v -3.011422 -15.909615 2.043767
v -3.011422 -15.909615 0.043767
v -6.076997 -12.947821 0.043767
v -6.076997 -12.947821 2.043767
v -7.534735 -19.604925 2.043767
v -7.534735 -19.604925 0.043767
v -7.438360 -15.343390 0.043767
v -7.438360 -15.343390 2.043767
v -13.376596 -18.474033 2.043767
v -13.376596 -18.474033 0.043767
v -13.280222 -16.210049 0.043767
v -13.280222 -16.210049 2.043767
v -18.269901 -18.265732 2.043767
v -18.269901 -18.265732 0.043767
v -18.173527 -16.001747 0.043767
v -18.173527 -16.001747 2.043767
v -19.811829 -18.257334 2.043767
v -19.811829 -18.257334 0.043767
v -19.471241 -16.017042 0.043767
v -19.471241 -16.017042 2.043767
v -21.343811 -18.082273 2.043767
v -21.343811 -18.082273 0.043767
v -20.763000 -15.891939 0.043767
v -20.763000 -15.891939 2.043767
v -22.847885 -17.742601 2.043767
v -22.847885 -17.742601 0.043767
v -22.033661 -15.627905 0.043767
v -22.033661 -15.627905 2.043767
v -24.306416 -17.242302 2.043767
v -24.306416 -17.242302 0.043767
v -23.268328 -15.228037 0.043767
v -23.268328 -15.228037 2.043767
v -25.702305 -16.587242 2.043767
v -25.702305 -16.587242 0.043767
v -24.452522 -14.697021 0.043767
v -24.452522 -14.697021 2.043767
v -27.019188 -15.785099 2.043767
v -27.019188 -15.785099 0.043767
v -25.572361 -14.041086 0.043767
v -25.572361 -14.041086 2.043767
v -28.241625 -14.845278 2.043767
v -28.241625 -14.845278 0.043767
v -26.614719 -13.267920 0.043767
v -26.614719 -13.267920 2.043767
v -29.355280 -13.778797 2.043767
v -29.355280 -13.778797 0.043767
v -27.567369 -12.386585 0.043767
v -27.567369 -12.386585 2.043767
v -30.347101 -12.598162 2.043767
v -30.347101 -12.598162 0.043767
v -28.419149 -11.407417 0.043767
v -28.419149 -11.407417 2.043767
v -31.205462 -11.317211 2.043767
v -31.205462 -11.317211 0.043767
v -29.160070 -10.341896 0.043767
v -29.160070 -10.341896 2.043767
v -31.920294 -9.950966 2.043767
v -31.920294 -9.950966 0.043767
v -29.781443 -9.202515 0.043767
v -29.781443 -9.202515 2.043767
v -32.483215 -8.515442 2.043767
v -32.483215 -8.515442 0.043767
v -30.275984 -8.002628 0.043767
v -30.275984 -8.002628 2.043767
v -32.887634 -7.027470 2.043767
v -32.887634 -7.027470 0.043767
v -30.637896 -6.756308 0.043767
v -30.637896 -6.756308 2.043767
v -33.128807 -5.504496 2.043767
v -33.128807 -5.504496 0.043767
v -30.862932 -5.478163 0.043767
v -30.862932 -5.478163 2.043767
v -33.203896 -3.964375 2.043767
v -33.203896 -3.964375 0.043767
v -30.948462 -4.183180 0.043767
v -30.948462 -4.183180 2.043767
v -33.112030 -2.425163 2.043767
v -33.112030 -2.425163 0.043767
v -30.893476 -2.886541 0.043767
v -30.893476 -2.886541 2.043767
v -32.854286 -0.904907 2.043767
v -32.854286 -0.904907 0.043767
v -30.698622 -1.603449 0.043767
v -30.698622 -1.603449 2.043767
v -32.433685 0.578569 2.043767
v -32.433685 0.578569 0.043767
v -30.366182 -0.348946 0.043767
v -30.366182 -0.348946 2.043767
v -31.855158 2.007876 2.043767
v -31.855158 2.007876 0.043767
v -29.900057 0.862261 0.043767
v -29.900057 0.862261 2.043767
v -31.125486 3.366254 2.043767
v -31.125486 3.366254 0.043767
v -29.305708 2.015971 0.043767
v -29.305708 2.015971 2.043767
v -30.253225 4.637777 2.043767
v -30.253225 4.637777 0.043767
v -28.590105 3.098657 0.043767
v -28.590105 3.098657 2.043767
v -29.248602 5.807539 2.043767
v -29.248602 5.807539 0.043767
v -27.761637 4.097626 0.043767
v -27.761637 4.097626 2.043767
v -28.123392 6.861825 2.043767
v -28.123392 6.861825 0.043767
v -26.830017 5.001165 0.043767
v -26.830017 5.001165 2.043767
v -26.890793 7.788273 2.043767
v -26.890793 7.788273 0.043767
v -25.806171 5.798683 0.043767
v -25.806171 5.798683 2.043767
v -25.565250 8.576023 2.043767
v -25.565250 8.576023 0.043767
v -24.702103 6.480828 0.043767
v -24.702103 6.480828 2.043767
v -24.162308 9.215839 2.043767
v -24.162308 9.215839 0.043767
v -23.530750 7.039604 0.043767
v -23.530750 7.039604 2.043767
v -22.698414 9.700220 2.043767
v -22.698414 9.700220 0.043767
v -22.305851 7.468458 0.043767
v -22.305851 7.468458 2.043767
v -21.190731 10.023487 2.043767
v -21.190731 10.023487 0.043767
v -21.041763 7.762363 0.043767
v -21.041763 7.762363 2.043767
v -19.656935 10.181849 2.043767
v -19.656935 10.181849 0.043767
v -19.753311 7.917874 0.043767
v -19.753311 7.917874 2.043767
v -14.512896 9.962870 2.043767
v -14.512896 9.962870 0.043767
v -14.609273 7.698895 0.043767
v -14.609273 7.698895 2.043767
s off
f 110 111 113 112
f 112 113 117 116
f 115 114 120 121
f 114 115 111 110
f 112 116 114 110
f 117 113 111 115
f 121 120 124 125
f 114 116 119 120
f 117 115 121 118
f 116 117 118 119
f 122 125 129 126
f 120 119 123 124
f 118 121 125 122
f 119 118 122 123
f 126 129 133 130
f 123 122 126 127
f 125 124 128 129
f 124 123 127 128
f 133 132 136 137
f 127 126 130 131
f 129 128 132 133
f 128 127 131 132
f 134 137 141 138
f 132 131 135 136
f 130 133 137 134
f 131 130 134 135
f 139 138 142 143
f 135 134 138 139
f 137 136 140 141
f 136 135 139 140
f 145 144 148 149
f 141 140 144 145
f 140 139 143 144
f 138 141 145 142
f 146 149 153 150
f 144 143 147 148
f 142 145 149 146
f 143 142 146 147
f 153 152 156 157
f 147 146 150 151
f 149 148 152 153
f 148 147 151 152
f 156 155 159 160
f 152 151 155 156
f 150 153 157 154
f 151 150 154 155
f 158 161 165 162
f 154 157 161 158
f 155 154 158 159
f 157 156 160 161
f 165 164 168 169
f 159 158 162 163
f 161 160 164 165
f 160 159 163 164
f 166 169 173 170
f 164 163 167 168
f 162 165 169 166
f 163 162 166 167
f 173 172 176 177
f 167 166 170 171
f 169 168 172 173
f 168 167 171 172
f 174 177 181 178
f 172 171 175 176
f 170 173 177 174
f 171 170 174 175
f 179 178 182 183
f 175 174 178 179
f 177 176 180 181
f 176 175 179 180
f 185 184 188 189
f 181 180 184 185
f 180 179 183 184
f 178 181 185 182
f 186 189 193 190
f 184 183 187 188
f 182 185 189 186
f 183 182 186 187
f 193 192 196 197
f 187 186 190 191
f 189 188 192 193
f 188 187 191 192
f 196 195 199 200
f 192 191 195 196
f 190 193 197 194
f 191 190 194 195
f 198 201 205 202
f 194 197 201 198
f 195 194 198 199
f 197 196 200 201
f 205 204 208 209
f 199 198 202 203
f 201 200 204 205
f 200 199 203 204
f 206 209 213 210
f 204 203 207 208
f 202 205 209 206
f 203 202 206 207
f 210 213 217 214
f 207 206 210 211
f 209 208 212 213
f 208 207 211 212
f 217 216 220 221
f 211 210 214 215
f 213 212 216 217
f 212 211 215 216
f 218 221 225 222
f 216 215 219 220
f 214 217 221 218
f 215 214 218 219
f 223 222 226 227
f 219 218 222 223
f 221 220 224 225
f 220 219 223 224
f 229 228 232 233
f 225 224 228 229
f 224 223 227 228
f 222 225 229 226
f 230 233 237 234
f 228 227 231 232
f 226 229 233 230
f 227 226 230 231
f 237 236 240 241
f 231 230 234 235
f 233 232 236 237
f 232 231 235 236
f 240 239 243 244
f 236 235 239 240
f 234 237 241 238
f 235 234 238 239
f 242 245 249 246
f 238 241 245 242
f 239 238 242 243
f 241 240 244 245
f 249 248 252 253
f 243 242 246 247
f 245 244 248 249
f 244 243 247 248
f 250 253 257 254
f 248 247 251 252
f 246 249 253 250
f 247 246 250 251
f 254 257 261 258
f 251 250 254 255
f 253 252 256 257
f 252 251 255 256
f 261 260 264 265
f 255 254 258 259
f 257 256 260 261
f 256 255 259 260
f 262 265 269 266
f 260 259 263 264
f 258 261 265 262
f 259 258 262 263
f 267 266 270 271
f 263 262 266 267
f 265 264 268 269
f 264 263 267 268
f 273 272 276 277
f 269 268 272 273
f 268 267 271 272
f 266 269 273 270
f 274 277 281 278
f 272 271 275 276
f 270 273 277 274
f 271 270 274 275
f 281 280 284 285
f 275 274 278 279
f 277 276 280 281
f 276 275 279 280
f 284 283 287 288
f 280 279 283 284
f 278 281 285 282
f 279 278 282 283
f 287 288 289 286
f 282 285 289 286
f 283 282 286 287
f 285 284 288 289
f 289 288 110
f 110 288 287
f 289 110 111
f 287 112 110
f 286 112 287
f 286 113 112
f 111 286 289
f 286 111 113
a -16.1206970215 8.7533769608 2.1462657452 0.0000000000 0.0000000000 0.0000000000 1.0000000000
a -5.3923759460 -9.9039621353 2.1163129807 0.0000000000 0.0000000000 0.7071067691 0.7071068287
a -3.3427848816 -9.9462213516 2.1163129807 0.0000000000 0.0000000000 0.7071067691 0.7071068287
c Camera
m 2.1875000000 0.0000000000 0.0000000000 0.0000000000
m 0.0000000000 3.6458334923 0.0000000000 0.0000000000
m 0.0000000000 0.0000000000 -1.0020020008 -0.2002002001
m 0.0000000000 0.0000000000 -1.0000000000 0.0000000000
m 0.0089912731 -0.9999593496 0.0004049083 9.0183677673
m 0.2147777379 0.0023268312 0.9766599536 1.1538316011
m -0.9766213298 -0.0086942296 0.2147901505 -19.8464908600
m -0.0000000000 0.0000000000 -0.0000000000 1.0000000000
m 0.0100265257 -0.9999496341 0.0004014598 9.0343875885
m 0.2147506326 0.0025454729 0.9766656160 1.1275725365
m -0.9766173959 -0.0097062532 0.2147654146 -19.7269916534
m -0.0000000000 0.0000000000 -0.0000000000 1.0000000000
m 0.0110617494 -0.9999385476 0.0003979197 9.0501594543
m 0.2147227079 0.0027641549 0.9766709805 1.1013082266
m -0.9766122103 -0.0107180318 0.2147402912 -19.6074771881
m -0.0000000000 0.0000000000 -0.0000000000 1.0000000000
m 0.0120969182 -0.9999266267 0.0003944685 9.0656900406
m 0.2146949172 0.0029827182 0.9766764641 1.0750513077
m -0.9766061306 -0.0117299473 0.2147153616 -19.4879398346
m -0.0000000000 0.0000000000 -0.0000000000 1.0000000000
m 0.0131323896 -0.9999136329 0.0003910373 9.0809822083
m 0.2146668434 0.0032013881 0.9766818285 1.0487964153
m -0.9765987992 -0.0127420612 0.2146904767 -19.3683891296
m -0.0000000000 0.0000000000 -0.0000000000 1.0000000000
m 0.0141674718 -0.9998993874 0.0003876365 9.0960235596
m 0.2146386355 0.0034199252 0.9766873121 1.0225460529
m -0.9765905738 -0.0137538277 0.2146656364 -19.2488231659
m -0.0000000000 0.0000000000 -0.0000000000 1.0000000000
m 0.0152026964 -0.9998843670 0.0003843232 9.1108255386
m 0.2146100998 0.0036384594 0.9766929746 0.9962967634
m -0.9765814543 -0.0147658447 0.2146405876 -19.1292476654
m -0.0000000000 0.0000000000 -0.0000000000 1.0000000000
m 0.0164507087 -0.9998645186 0.0003802961 9.1291618347
m 0.2145659626 0.0039018169 0.9767015576 0.9693944454
m -0.9765709043 -0.0159856807 0.2146012187 -19.0077724457
m -0.0000000000 0.0000000000 -0.0000000000 1.0000000000
m 0.0178450607 -0.9998406768 0.0003758719 9.1497869492
m 0.2145106792 0.0041958415 0.9767125249 0.9420453310
m -0.9765585065 -0.0173487142 0.2145514786 -18.8849849701
m -0.0000000000 0.0000000000 -0.0000000000 1.0000000000
m 0.0192393567 -0.9998145103 0.0003714913 9.1700725555
m 0.2144550979 0.0044897995 0.9767231941 0.9147032499
m -0.9765440822 -0.0187116377 0.2145019472 -18.7621631622
m -0.0000000000 0.0000000000 -0.0000000000 1.0000000000
m 0.0206336640 -0.9997869730 0.0003674654 9.1900329590
m 0.2143991590 0.0047837715 0.9767342806 0.8873681426
m -0.9765280485 -0.0200748108 0.2144522071 -18.6393203735
m -0.0000000000 0.0000000000 -0.0000000000 1.0000000000
m 0.0220279936 -0.9997571707 0.0003631882 9.2096595764
m 0.2143428475 0.0050776107 0.9767452478 0.8600395918
m -0.9765100479 -0.0214377213 0.2144027650 -18.5164413452
m -0.0000000000 0.0000000000 -0.0000000000 1.0000000000
m 0.0234221630 -0.9997255206 0.0003592604 9.2289495468
m 0.2142861485 0.0053714556 0.9767560959 0.8327177167
m -0.9764899611 -0.0228006989 0.2143531740 -18.3935375214
m -0.0000000000 0.0000000000 -0.0000000000 1.0000000000
m 0.0248163082 -0.9996917248 0.0003550884 9.2479047775
m 0.2142286152 0.0056650834 0.9767668247 0.8053972125
m -0.9764680266 -0.0241634678 0.2143033743 -18.2706031799
m -0.0000000000 0.0000000000 -0.0000000000 1.0000000000
m 0.0262816530 -0.9996544719 0.0003511207 9.2677965164
m 0.2141602784 0.0059735235 0.9767802358 0.7777844071
m -0.9764448404 -0.0255961791 0.2142432928 -18.1470165253
m -0.0000000000 0.0000000000 -0.0000000000 1.0000000000
m 0.0280593112 -0.9996060133 0.0003464347 9.2928609848
m 0.2140416205 0.0063468171 0.9768037796 0.7488121390
m -0.9764213562 -0.0273341760 0.2141354978 -18.0206165314
m -0.0000000000 0.0000000000 -0.0000000000 1.0000000000
m 0.0298369788 -0.9995548129 0.0003422551 9.3174934387
m 0.2139231116 0.0067200498 0.9768274426 0.7198676467
m -0.9763948321 -0.0290724821 0.2140282542 -17.8941631317
m -0.0000000000 0.0000000000 -0.0000000000 1.0000000000
m 0.0316146500 -0.9994998574 0.0003377630 9.3416948318
m 0.2138029188 0.0070929611 0.9768508077 0.6909276247
m -0.9763648510 -0.0308103207 0.2139204592 -17.7676677704
m -0.0000000000 0.0000000000 -0.0000000000 1.0000000000
m 0.0333921202 -0.9994421005 0.0003336625 9.3654623032
m 0.2136826813 0.0074655362 0.9768743515 0.6620143056
m -0.9763320088 -0.0325484611 0.2138129175 -17.6411247253
m -0.0000000000 0.0000000000 -0.0000000000 1.0000000000
m 0.0351696648 -0.9993811250 0.0003298953 9.3888015747
m 0.2135617733 0.0078381570 0.9768979549 0.6331154108
m -0.9762961268 -0.0342864878 0.2137054503 -17.5145339966
m -0.0000000000 0.0000000000 -0.0000000000 1.0000000000
m 0.0369467475 -0.9993172884 0.0003264785 9.4117059708
m 0.2134403437 0.0082104011 0.9769216776 0.6042386293
m -0.9762572050 -0.0360245109 0.2135978639 -17.3879013062
m -0.0000000000 0.0000000000 -0.0000000000 1.0000000000
m 0.0387239195 -0.9992497563 0.0003227954 9.4341802597
m 0.2133177668 0.0085823545 0.9769449830 0.5753734708
m -0.9762148857 -0.0377621837 0.2134901434 -17.2612228394
m -0.0000000000 0.0000000000 -0.0000000000 1.0000000000
m 0.0401824750 -0.9991921782 0.0003205480 9.4531297684
m 0.2131300867 0.0088845473 0.9769831896 0.5461425781
m -0.9761970043 -0.0391891301 0.2133150697 -17.1375083923
m -0.0000000000 0.0000000000 -0.0000000000 1.0000000000
m 0.0415498987 -0.9991362691 0.0003190710 9.4708604813
m 0.2129234523 0.0091666607 0.9770256877 0.5168360472
m -0.9761849642 -0.0405273065 0.2131205052 -17.0146121979
m -0.0000000000 0.0000000000 -0.0000000000 1.0000000000
m 0.0429173484 -0.9990785718 0.0003176760 9.4882631302
m 0.2127166241 0.0094483625 0.9770681262 0.4875750244
m -0.9761708975 -0.0418655574 0.2129261345 -16.8916759491
m -0.0000000000 0.0000000000 -0.0000000000 1.0000000000
m 0.0442845449 -0.9990187883 0.0003167352 9.5053339005
m 0.2125092298 0.0097299572 0.9771104455 0.4583523571
m -0.9761549234 -0.0432034917 0.2127316892 -16.7687168121
m -0.0000000000 0.0000000000 -0.0000000000 1.0000000000
m 0.0456517674 -0.9989572763 0.0003158850 9.5220804214
m 0.2123015672 0.0100110546 0.9771527648 0.4291748405
m -0.9761371017 -0.0445416719 0.2125372291 -16.6457214355
m -0.0000000000 0.0000000000 -0.0000000000 1.0000000000
m 0.0470189638 -0.9988938570 0.0003153570 9.5384998322
m 0.2120933980 0.0102919992 0.9771950841 0.4000367522
m -0.9761175513 -0.0458797552 0.2123427689 -16.5226936340
m -0.0000000000 0.0000000000 -0.0000000000 1.0000000000
m 0.0483859330 -0.9988286495 0.0003150534 9.5545930862
m 0.2118848264 0.0105725061 0.9772375226 0.3709422648
m -0.9760960340 -0.0472177938 0.2121481895 -16.3996372223
m -0.0000000000 0.0000000000 -0.0000000000 1.0000000000
m 0.0489168279 -0.9988027811 0.0003156504 9.5601549149
m 0.2116825283 0.0106761009 0.9772801399 0.3434790075
m -0.9761136174 -0.0477385931 0.2119513303 -16.2843666077
m -0.0000000000 0.0000000000 -0.0000000000 1.0000000000
m 0.0480262972 -0.9988461137 0.0003171881 9.5484085083
m 0.2114917487 0.0104791941 0.9773237705 0.3187694252
m -0.9761992693 -0.0468702428 0.2117508948 -16.1823673248
m -0.0000000000 0.0000000000 -0.0000000000 1.0000000000
m 0.0471356660 -0.9988880754 0.0003181852 9.5368518829
m 0.2113004625 0.0102823498 0.9773667455 0.2940994501
m -0.9762836695 -0.0460013784 0.2115504444 -16.0803432465
m -0.0000000000 0.0000000000 -0.0000000000 1.0000000000
m 0.0462451242 -0.9989299178 0.0003194798 9.5254945755
m 0.2111091614 0.0100858808 0.9774102569 0.2694694102
m -0.9763678312 -0.0451329239 0.2113497555 -15.9783000946
m -0.0000000000 0.0000000000 -0.0000000000 1.0000000000
m 0.0453544185 -0.9989707470 0.0003204047 9.5143280029
m 0.2109179199 0.0098894341 0.9774536490 0.2448852360
m -0.9764508605 -0.0442642421 0.2111493945 -15.8762340546
m -0.0000000000 0.0000000000 -0.0000000000 1.0000000000
m 0.0444638543 -0.9990109801 0.0003210930 9.5033607483
m 0.2107260674 0.0096931458 0.9774970412 0.2203370184
m -0.9765334129 -0.0433956236 0.2109486312 -15.7741537094
m -0.0000000000 0.0000000000 -0.0000000000 1.0000000000
m 0.0435730964 -0.9990501404 0.0003215912 9.4925842285
m 0.2105342746 0.0094970679 0.9775403142 0.1958325505
m -0.9766148329 -0.0425266698 0.2107481509 -15.6720504761
m -0.0000000000 0.0000000000 -0.0000000000 1.0000000000
m 0.0426823758 -0.9990885258 0.0003219683 9.4820013046
m 0.2103421241 0.0093012294 0.9775834680 0.1713681519
m -0.9766955376 -0.0416576974 0.2105475366 -15.5699300766
m -0.0000000000 0.0000000000 -0.0000000000 1.0000000000
m 0.0400019027 -0.9991993308 0.0003200870 9.4495735168
m 0.2102735639 0.0087313633 0.9776033759 0.1517027766
m -0.9768236279 -0.0390385017 0.2104546577 -15.4843025208
m -0.0000000000 0.0000000000 -0.0000000000 1.0000000000
m 0.0372521840 -0.9993057251 0.0003179683 9.4168405533
m 0.2102083564 0.0081473161 0.9776224494 0.1322201341
m -0.9769464731 -0.0363516062 0.2103660405 -15.3992137909
m -0.0000000000 0.0000000000 -0.0000000000 1.0000000000
m 0.0345023461 -0.9994044900 0.0003154482 9.3846645355
m 0.2101413161 0.0075633270 0.9776417017 0.1127330586
m -0.9770619273 -0.0336645357 0.2102771997 -15.3140335083
m -0.0000000000 0.0000000000 -0.0000000000 1.0000000000
m 0.0317520499 -0.9994956851 0.0003128219 9.3530349731
m 0.2100728154 0.0069796122 0.9776607752 0.0932466239
m -0.9771699905 -0.0309769884 0.2101884633 -15.2287597656
m -0.0000000000 0.0000000000 -0.0000000000 1.0000000000
m 0.0290016364 -0.9995792508 0.0003099064 9.3219575882
m 0.2100027949 0.0063961027 0.9776799679 0.0737593621
m -0.9772706032 -0.0282892231 0.2100999504 -15.1434020996
m -0.0000000000 0.0000000000 -0.0000000000 1.0000000000
m 0.0262510218 -0.9996551275 0.0003064138 9.2914323807
m 0.2099307626 0.0058126268 0.9776987433 0.0542695150
m -0.9773635864 -0.0256010294 0.2100111693 -15.0579509735
m -0.0000000000 0.0000000000 -0.0000000000 1.0000000000
m 0.0235000495 -0.9997238517 0.0003031721 9.2614593506
m 0.2098576427 0.0052294997 0.9777180552 0.0347832292
m -0.9774494767 -0.0229128264 0.2099225074 -14.9724140167
m -0.0000000000 0.0000000000 -0.0000000000 1.0000000000
m 0.0183467194 -0.9998314977 0.0002957871 9.2037296295
m 0.2098156810 0.0041393936 0.9777320623 0.0202038866
m -0.9775688648 -0.0178759973 0.2098563612 -14.9084157944
m -0.0000000000 0.0000000000 -0.0000000000 1.0000000000
m 0.0112705342 -0.9999361634 0.0002852017 9.1243581772
m 0.2097917497 0.0026436348 0.9777421355 0.0094665634
m -0.9776808619 -0.0109596234 0.2098083645 -14.8612403870
m -0.0000000000 0.0000000000 -0.0000000000 1.0000000000
m 0.0041938666 -0.9999911189 0.0002744349 9.0461359024
m 0.2097574919 0.0011480359 0.9777528048 -0.0013840444
m -0.9777445197 -0.0040429831 0.2097604424 -14.8135099411
m -0.0000000000 0.0000000000 -0.0000000000 1.0000000000
m -0.0028828704 -0.9999956489 0.0002631363 8.9690589905
m 0.2097122967 -0.0003471973 0.9777629375 -0.0123465071
m -0.9777587652 0.0028740987 0.2097125053 -14.7652301788
m -0.0000000000 0.0000000000 -0.0000000000 1.0000000000
m -0.0099596176 -0.9999501705 0.0002515968 8.8931341171
m 0.2096565217 -0.0018421097 0.9777731299 -0.0234177597
m -0.9777241945 0.0097911274 0.2096645534 -14.7164154053
m -0.0000000000 0.0000000000 -0.0000000000 1.0000000000
m -0.0170358755 -0.9998547435 0.0002396427 8.8183631897
m 0.2095904499 -0.0033366086 0.9777833819 -0.0345902890
m -0.9776407480 0.0167078041 0.2096170038 -14.6670856476
m -0.0000000000 0.0000000000 -0.0000000000 1.0000000000
m -0.0241111536 -0.9997093678 0.0002277005 8.7447538376
m 0.2095141709 -0.0048304461 0.9777937531 -0.0458617508
m -0.9775083661 0.0236233603 0.2095696479 -14.6172466278
m -0.0000000000 0.0000000000 -0.0000000000 1.0000000000
m -0.0316892453 -0.9994978309 0.0002139304 8.6658468246
m 0.2094259560 -0.0064305677 0.9778034091 -0.0562876463
m -0.9773110151 0.0310307238 0.2095245868 -14.5711927414
m -0.0000000000 0.0000000000 -0.0000000000 1.0000000000
m -0.0421621799 -0.9991107583 0.0001947405 8.5511093140
m 0.2093158662 -0.0086424937 0.9778099656 -0.0614569262
m -0.9769387841 0.0412673429 0.2094941139 -14.5487852097
m -0.0000000000 0.0000000000 -0.0000000000 1.0000000000
m -0.0526303910 -0.9986140728 0.0001751576 8.4377994537
m 0.2091827393 -0.0108531732 0.9778163433 -0.0668820068
m -0.9764593244 0.0514994636 0.2094639838 -14.5251722336
m -0.0000000000 0.0000000000 -0.0000000000 1.0000000000
m -0.0630927458 -0.9980074167 0.0001550828 8.3259334564
m 0.2090262920 -0.0130623272 0.9778224826 -0.0725571886
m -0.9758723974 0.0617261119 0.2094341069 -14.5003862381
m -0.0000000000 0.0000000000 -0.0000000000 1.0000000000
m -0.0735481456 -0.9972918034 0.0001351051 8.2155303955
m 0.2088469565 -0.0152696073 0.9778292179 -0.0784783289
m -0.9751788378 0.0719456896 0.2094042897 -14.4744443893
m -0.0000000000 0.0000000000 -0.0000000000 1.0000000000
m -0.0839955658 -0.9964661002 0.0001143552 8.1065893173
m 0.2086442411 -0.0174750946 0.9778353572 -0.0846371278
m -0.9743778110 0.0821577758 0.2093748003 -14.4473772049
m -0.0000000000 0.0000000000 -0.0000000000 1.0000000000
m -0.0944338143 -0.9955309629 0.0000935494 7.9991297722
m 0.2084183395 -0.0196780860 0.9778416157 -0.0910324454
m -0.9734699726 0.0923609957 0.2093453556 -14.4192190170
m -0.0000000000 0.0000000000 -0.0000000000 1.0000000000
m -0.1048615202 -0.9944866896 0.0000722445 7.8931632042
m 0.2081695795 -0.0218788944 0.9778478742 -0.0976500139
m -0.9724552631 0.1025537550 0.2093162388 -14.3899860382
m -0.0000000000 0.0000000000 -0.0000000000 1.0000000000
m -0.1169771254 -0.9931347370 0.0000473149 7.7637953758
m 0.2078785747 -0.0244386047 0.9778493643 -0.1014453769
m -0.9711349607 0.1143957600 0.2093100697 -14.3726863861
m -0.0000000000 0.0000000000 -0.0000000000 1.0000000000
m -0.1296690702 -0.9915573597 0.0000210926 7.6273164749
m 0.2075474560 -0.0271208417 0.9778489470 -0.1045440659
m -0.9695926905 0.1268011481 0.2093119174 -14.3582496643
m -0.0000000000 0.0000000000 -0.0000000000 1.0000000000
m -0.1423395574 -0.9898177385 -0.0000054203 7.4924826622
m 0.2071822137 -0.0297988858 0.9778482914 -0.1080141291
m -0.9678918719 0.1391855180 0.2093143016 -14.3420753479
m 0.0000000000 0.0000000000 -0.0000000000 1.0000000000
m -0.1549869180 -0.9879163504 -0.0000316724 7.3593158722
m 0.2067826241 -0.0324718878 0.9778477550 -0.1118550226
m -0.9660329819 0.1515472084 0.2093167901 -14.3242034912
m 0.0000000000 0.0000000000 -0.0000000000 1.0000000000
m -0.1676089317 -0.9858534932 -0.0000579357 7.2278385162
m 0.2063490003 -0.0351396576 0.9778470993 -0.1160522401
m -0.9640161991 0.1638840139 0.2093196660 -14.3046731949
m 0.0000000000 0.0000000000 -0.0000000000 1.0000000000
m -0.1802036762 -0.9836291075 -0.0000841543 7.0980687141
m 0.2058812827 -0.0378016122 0.9778463840 -0.1206004769
m -0.9618415236 0.1761943549 0.2093230039 -14.2835245132
m 0.0000000000 0.0000000000 -0.0000000000 1.0000000000
m -0.1927688122 -0.9812441468 -0.0001101233 6.9700350761
m 0.2053797841 -0.0404572971 0.9778457284 -0.1254914254
m -0.9595098495 0.1884756088 0.2093266249 -14.2607889175
m 0.0000000000 0.0000000000 -0.0000000000 1.0000000000
m -0.2061071396 -0.9785294533 -0.0001380481 6.8314313889
m 0.2048197389 -0.0432790779 0.9778425097 -0.1293962449
m -0.9568536878 0.2015119940 0.2093421966 -14.2420129776
m 0.0000000000 0.0000000000 -0.0000000000 1.0000000000
m -0.2210116982 -0.9752710462 -0.0001688860 6.6700201035
m 0.2041667551 -0.0464366749 0.9778340459 -0.1311459094
m -0.9536612034 0.2160783559 0.2093810290 -14.2320585251
m 0.0000000000 0.0000000000 -0.0000000000 1.0000000000
m -0.2358645946 -0.9717856646 -0.0001991800 6.5105080605
m 0.2034658343 -0.0495839752 0.9778255224 -0.1334320009
m -0.9502469301 0.2305941731 0.2094205767 -14.2196397781
m 0.0000000000 0.0000000000 -0.0000000000 1.0000000000
m -0.2506629825 -0.9680743217 -0.0002287663 6.3529243469
m 0.2027172446 -0.0527204648 0.9778170586 -0.1362381428
m -0.9466117024 0.2450562418 0.2094605118 -14.2048177719
m 0.0000000000 0.0000000000 -0.0000000000 1.0000000000
m -0.2654027045 -0.9641372561 -0.0002577489 6.1973128319
m 0.2019206882 -0.0558449179 0.9778081775 -0.1395609826
m -0.9427560568 0.2594611645 0.2095009834 -14.1876411438
m 0.0000000000 0.0000000000 -0.0000000000 1.0000000000
m -0.2800807059 -0.9599761963 -0.0002858377 6.0437102318
m 0.2010765523 -0.0589567684 0.9777995348 -0.1433868706
m -0.9386813641 0.2738055289 0.2095414996 -14.1681737900
m 0.0000000000 0.0000000000 -0.0000000000 1.0000000000
m -0.2946937084 -0.9555914998 -0.0003136656 5.8921484947
m 0.2001850605 -0.0620557033 0.9777906537 -0.1476987600
m -0.9343881607 0.2880861759 0.2095827013 -14.1464633942
m 0.0000000000 0.0000000000 -0.0000000000 1.0000000000
m -0.3092381060 -0.9509847760 -0.0003405587 5.7426638603
m 0.1992466599 -0.0651406124 0.9777820110 -0.1524867266
m -0.9298778176 0.3022995293 0.2096243352 -14.1225748062
m 0.0000000000 0.0000000000 -0.0000000000 1.0000000000
m -0.3257105947 -0.9454694986 -0.0003705173 5.5612292290
m 0.1981474608 -0.0686441883 0.9777655005 -0.1548796743
m -0.9244729280 0.3183952272 0.2097005248 -14.1079635620
m 0.0000000000 0.0000000000 -0.0000000000 1.0000000000
m -0.3422438204 -0.9396108389 -0.0003994552 5.3793091774
m 0.1969779283 -0.0721628144 0.9777483940 -0.1577425152
m -0.9187319279 0.3345499039 0.2097801119 -14.0910711288
m 0.0000000000 0.0000000000 -0.0000000000 1.0000000000
m -0.3586718738 -0.9334636331 -0.0004266798 5.1997041702
m 0.1957473755 -0.0756604448 0.9777312279 -0.1612950861
m -0.9127089381 0.3506011367 0.2098602504 -14.0710144043
m 0.0000000000 0.0000000000 -0.0000000000 1.0000000000
m -0.3749893904 -0.9270288348 -0.0004527194 5.0224575996
m 0.1944550276 -0.0791357234 0.9777138233 -0.1655337811
m -0.9064048529 0.3665445149 0.2099407017 -14.0478620529
m 0.0000000000 0.0000000000 -0.0000000000 1.0000000000
m -0.3911916316 -0.9203087091 -0.0004772838 4.8476314545
m 0.1931020468 -0.0825879276 0.9776964188 -0.1704336554
m -0.8998221755 0.3823748529 0.2100215256 -14.0216913223
m 0.0000000000 0.0000000000 -0.0000000000 1.0000000000
m -0.4072738588 -0.9133059382 -0.0005002171 4.6752781868
m 0.1916890740 -0.0860160962 0.9776792526 -0.1759757400
m -0.8929633498 0.3980872631 0.2101028413 -13.9925842285
m 0.0000000000 0.0000000000 -0.0000000000 1.0000000000
m -0.4232304990 -0.9060220122 -0.0005216302 4.5054516792
m 0.1902158409 -0.0894185752 0.9776617289 -0.1821540892
m -0.8858295083 0.4136768281 0.2101842910 -13.9606065750
m 0.0000000000 0.0000000000 -0.0000000000 1.0000000000
m -0.4400572479 -0.8979694247 -0.0005428044 4.3191666603
m 0.1885906309 -0.0930112749 0.9776412249 -0.1877693981
m -0.8779425025 0.4301159680 0.2102790922 -13.9305210114
m 0.0000000000 0.0000000000 -0.0000000000 1.0000000000
m -0.4576507807 -0.8891319036 -0.0005625785 4.1179509163
m 0.1868087500 -0.0967721120 0.9776183963 -0.1931138337
m -0.8692861795 0.4473028183 0.2103854418 -13.9010562897
m 0.0000000000 0.0000000000 -0.0000000000 1.0000000000
m -0.4750666022 -0.8799493909 -0.0005801690 3.9195864201
m 0.1849531680 -0.1004968956 0.9775952101 -0.1993261427
m -0.8602926731 0.4643157721 0.2104923427 -13.8676433563
m 0.0000000000 0.0000000000 -0.0000000000 1.0000000000
m -0.4922988117 -0.8704259396 -0.0005956738 3.7241430283
m 0.1830245852 -0.1041846797 0.9775722623 -0.2063832581
m -0.8509663939 0.4811486900 0.2105994821 -13.8303928375
m 0.0000000000 0.0000000000 -0.0000000000 1.0000000000
m -0.5093400478 -0.8605651259 -0.0006090253 3.5317094326
m 0.1810238212 -0.1078338027 0.9775490761 -0.2142645568
m -0.8413102627 0.4977946877 0.2107068747 -13.7893915176
m 0.0000000000 0.0000000000 -0.0000000000 1.0000000000
m -0.5261836648 -0.8503706455 -0.0006200671 3.3423571587
m 0.1789517552 -0.1114426702 0.9775257707 -0.2229495645
m -0.8313283920 0.5142471194 0.2108146399 -13.7447500229
m 0.0000000000 0.0000000000 -0.0000000000 1.0000000000
m -0.5428233743 -0.8398466110 -0.0006290897 3.1561512947
m 0.1768087596 -0.1150100902 0.9775025249 -0.2324172705
m -0.8210246563 0.5305001140 0.2109224796 -13.6965713501
m 0.0000000000 0.0000000000 -0.0000000000 1.0000000000
m -0.5596966147 -0.8286972642 -0.0006358474 2.9660189152
m 0.1745260358 -0.1186237112 0.9774809480 -0.2423811257
m -0.8101112247 0.5469818115 0.2110225409 -13.6465167999
m 0.0000000000 0.0000000000 -0.0000000000 1.0000000000
m -0.5798383951 -0.8147312403 -0.0006406383 2.7221941948
m 0.1715940535 -0.1228909269 0.9774729609 -0.2513114512
m -0.7964565158 0.5666664839 0.2110598236 -13.6041193008
m 0.0000000000 0.0000000000 -0.0000000000 1.0000000000
m -0.5996320844 -0.8002754450 -0.0006448626 2.4822647572
m 0.1685580462 -0.1270851195 0.9774649143 -0.2615357935
m -0.7823231816 0.5860106349 0.2110972703 -13.5557575226
m 0.0000000000 0.0000000000 -0.0000000000 1.0000000000
m -0.6190650463 -0.7853394747 -0.0006478802 2.2463839054
m 0.1654203683 -0.1312034428 0.9774568677 -0.2730174959
m -0.7677204609 0.6050021648 0.2111345977 -13.5015926361
m 0.0000000000 0.0000000000 -0.0000000000 1.0000000000
m -0.6381263137 -0.7699314952 -0.0006500036 2.0146927834
m 0.1621827036 -0.1352437586 0.9774487615 -0.2857205868
m -0.7526564002 0.6236303449 0.2111721337 -13.4417877197
m 0.0000000000 0.0000000000 -0.0000000000 1.0000000000
m -0.6568039656 -0.7540606856 -0.0006513517 1.7873308659
m 0.1588467658 -0.1392033100 0.9774403572 -0.2996127605
m -0.7371402383 0.6418835521 0.2112097144 -13.3765125275
m 0.0000000000 0.0000000000 -0.0000000000 1.0000000000
m -0.6750874519 -0.7377371192 -0.0006515902 1.5644328594
m 0.1554150134 -0.1430801600 0.9774322510 -0.3146507442
m -0.7211815119 0.6597511172 0.2112472504 -13.3059396744
m 0.0000000000 0.0000000000 -0.0000000000 1.0000000000
m -0.6929653287 -0.7209705114 -0.0006506442 1.3461279869
m 0.1518894583 -0.1468716264 0.9774242640 -0.3308010101
m -0.7047896385 0.6772223711 0.2112847567 -13.2302474976
m 0.0000000000 0.0000000000 -0.0000000000 1.0000000000
m -0.7139402032 -0.7002061605 -0.0006503758 1.0701924562
m 0.1474968195 -0.1512976736 0.9774217606 -0.3471767902
m -0.6844952106 0.6977250576 0.2112959176 -13.1548662186
m 0.0000000000 0.0000000000 -0.0000000000 1.0000000000
m -0.7357221842 -0.6772831678 -0.0006503090 0.7738926411
m 0.1426395923 -0.1558856517 0.9774219394 -0.3651053905
m -0.6620928645 0.7190182209 0.2112959623 -13.0728378296
m 0.0000000000 0.0000000000 -0.0000000000 1.0000000000
m -0.7567681670 -0.6536828876 -0.0006502717 0.4839539528
m 0.1376395673 -0.1603175700 0.9774219394 -0.3850406408
m -0.6390283704 0.7395923138 0.2112958729 -12.9815139771
m 0.0000000000 0.0000000000 -0.0000000000 1.0000000000
m -0.7770574093 -0.6294289827 -0.0006504056 0.2006748915
m 0.1325017065 -0.1645890325 0.9774218202 -0.4069142044
m -0.6153247356 0.7594268918 0.2112957388 -12.8812103271
m 0.0000000000 0.0000000000 -0.0000000000 1.0000000000
m -0.7965698838 -0.6045455933 -0.0006505768 -0.0756606683
m 0.1272314787 -0.1686962694 0.9774216413 -0.4306519926
m -0.5910058022 0.7785023451 0.2112959623 -12.7722501755
m 0.0000000000 0.0000000000 -0.0000000000 1.0000000000
m -0.8152858615 -0.5790579915 -0.0006503609 -0.3447754979
m 0.1218342856 -0.1726345867 0.9774218798 -0.4561868012
m -0.5660963655 0.7967992425 0.2112957984 -12.6549587250
m 0.0000000000 0.0000000000 -0.0000000000 1.0000000000
m -0.8331867456 -0.5529913306 -0.0006502792 -0.6064075828
m 0.1163151860 -0.1764003783 0.9774219394 -0.4834445417
m -0.5406206250 0.8142993450 0.2112956941 -12.5296726227
m 0.0000000000 0.0000000000 -0.0000000000 1.0000000000
m -0.8502040505 -0.5264529586 -0.0006503761 -0.8675657511
m 0.1106969044 -0.1799793243 0.9774219394 -0.5123427510
m -0.5146837831 0.8309361339 0.2112958729 -12.3967971802
m 0.0000000000 0.0000000000 -0.0000000000 1.0000000000
m -0.8662629724 -0.4995878637 -0.0006504357 -1.1380245686
m 0.1050101072 -0.1833554208 0.9774219990 -0.5430095792
m -0.4884274304 0.8466361761 0.2112957239 -12.2557697296
m 0.0000000000 0.0000000000 -0.0000000000 1.0000000000
m -0.8814733624 -0.4722333550 -0.0006502793 -1.4003195763
m 0.0992207229 -0.1865518987 0.9774219394 -0.5754964948
m -0.4616925716 0.8615069985 0.2112958729 -12.1062955856
m 0.0000000000 0.0000000000 -0.0000000000 1.0000000000
m -0.8958201408 -0.4444158673 -0.0006503907 -1.6541779041
m 0.0933338329 -0.1895657182 0.9774218202 -0.6097262502
m -0.4345051050 0.8755337596 0.2112960517 -11.9487342834
m 0.0000000000 0.0000000000 -0.0000000000 1.0000000000
m -0.9092894197 -0.4161633551 -0.0006503460 -1.8993431330
m 0.0873556063 -0.1923936307 0.9774217606 -0.6456203461
m -0.4068923295 0.8887028098 0.2112958580 -11.7834510803
m 0.0000000000 0.0000000000 -0.0000000000 1.0000000000
m -0.9218680263 -0.3875033557 -0.0006504729 -2.1355674267
m 0.0812918320 -0.1950334907 0.9774219394 -0.6830922961
m -0.3788812160 0.9010011554 0.2112959623 -11.6108322144
m 0.0000000000 0.0000000000 -0.0000000000 1.0000000000
m -0.9335432649 -0.3584636450 -0.0006503982 -2.3626277447
m 0.0751484409 -0.1974817365 0.9774217606 -0.7220649123
m -0.3504986763 0.9124168754 0.2112958878 -11.4312543869
m 0.0000000000 0.0000000000 -0.0000000000 1.0000000000
m -0.9443043470 -0.3290726840 -0.0006504506 -2.5803186893
m 0.0689314529 -0.1997371316 0.9774218798 -0.7624477148
m -0.3217727542 0.9229389429 0.2112961262 -11.2451124191
m 0.0000000000 0.0000000000 -0.0000000000 1.0000000000
m -0.9520187974 -0.3060390055 -0.0006503500 -2.7601881027
m 0.0640596598 -0.2013523579 0.9774218798 -0.8001321554
m -0.2992601693 0.9304823279 0.2112959474 -11.0713472366
m 0.0000000000 0.0000000000 -0.0000000000 1.0000000000
m -0.9589233994 -0.2836646736 -0.0006503687 -2.9295744896
m 0.0593276396 -0.2027970701 0.9774219394 -0.8382292986
m -0.2773919702 0.9372341037 0.2112958878 -10.8956365585
m 0.0000000000 0.0000000000 -0.0000000000 1.0000000000
m -0.9653021097 -0.2611349225 -0.0006503537 -3.0920662880
m 0.0545631088 -0.2041303664 0.9774218798 -0.8771759272
m -0.2553717792 0.9434719086 0.2112957239 -10.7159805298
m 0.0000000000 0.0000000000 -0.0000000000 1.0000000000
m -0.9711514711 -0.2384618819 -0.0006503721 -3.2475678921
m 0.0497686639 -0.2053518444 0.9774217606 -0.9169242978
m -0.2332114428 0.9491924644 0.2112958431 -10.5325899124
m 0.0000000000 0.0000000000 -0.0000000000 1.0000000000
m -0.9764688015 -0.2156581581 -0.0006502944 -3.3959968090
m 0.0449470133 -0.2064609826 0.9774220586 -0.9574248195
m -0.2109232843 0.9543929100 0.2112957239 -10.3456974030
m 0.0000000000 0.0000000000 -0.0000000000 1.0000000000
m -0.9812503457 -0.1927362531 -0.0006503426 -3.5372641087
